misura	tempo di acquisizione	numero di bytes in ingresso	stringa bytes	
0	0.094	2	00e6	
1	0.494	6	19c4aaaa06e5	
2	0.894	10	19c4aaaa06e619c2aaaa	
3	1.294	6	06e519c4aaaa	
4	1.694	6	06e519c4aaaa	
5	2.094	8	06e619c2aaaa06e5	
6	2.494	6	19c3aaaa06e5	
7	2.894	6	19c3aaaa06e5	
8	3.294	6	19c2aaaa06e5	
9	3.694	6	19c3aaaa06e5	
10	4.094	6	19c4aaaa06e5	
11	4.494	6	19c2aaaa06e5	
12	4.894	6	19c2aaaa06e4	
13	5.294	6	19c2aaaa06e4	
14	5.694	10	19c3aaaa06e419c4aaaa	
15	6.094	6	06e419c3aaaa	
16	6.494	6	06e419c4aaaa	
17	6.894	8	06e419c5aaaa06e4	
18	7.294	6	19c4aaaa06e4	
19	7.694	6	19c4aaaa06e3	
20	8.094	6	19c4aaaa06e3	
21	8.494	6	19c6aaaa06e3	
22	8.894	6	19c6aaaa06e3	
23	9.294	6	19c6aaaa06e3	
24	9.694	6	19c5aaaa06e3	
25	10.094	6	19c6aaaa06e3	
26	10.494	10	19c6aaaa06e319c5aaaa	
27	10.894	6	06e319c5aaaa	
28	11.294	6	06e319c6aaaa	
29	11.694	6	06e319c4aaaa	
30	12.094	8	06e319c4aaaa06e2	
31	12.494	6	19c5aaaa06e3	
32	12.894	6	19c5aaaa06e3	
33	13.294	6	19c4aaaa06e3	
34	13.694	6	19c4aaaa06e3	
35	14.094	6	19c5aaaa06e3	
36	14.494	6	19c4aaaa06e3	
37	14.894	6	19c4aaaa06e3	
38	15.294	6	19c6aaaa06e3	
39	15.694	10	19c5aaaa06e319c6aaaa	
40	16.094	6	06e319c5aaaa	
41	16.494	6	06e319c4aaaa	
42	16.894	6	06e219c5aaaa	
43	17.294	8	06e319c6aaaa06e3	
44	17.694	6	19c6aaaa06e2	
45	18.094	6	19c6aaaa06e2	
46	18.494	6	19c6aaaa06e2	
47	18.894	6	19c7aaaa06e2	
48	19.294	6	19c6aaaa06e2	
49	19.694	6	19c8aaaa06e2	
50	20.094	6	19c7aaaa06e1	
51	20.494	10	19c7aaaa06e119c7aaaa	
52	20.894	6	06e219c8aaaa	
53	21.294	6	06e119c8aaaa	
54	21.694	6	06e119c8aaaa	
55	22.094	8	06e119c7aaaa06e1	
56	22.494	6	19c7aaaa06e1	
57	22.894	6	19c7aaaa06e1	
58	23.294	6	19c7aaaa06e1	
59	23.694	6	19c8aaaa06e0	
60	24.094	6	19c8aaaa06e0	
61	24.494	6	19c7aaaa06e0	
62	24.894	6	19c7aaaa06e1	
63	25.294	10	19c6aaaa06e119c7aaaa	
64	25.694	6	06e019c7aaaa	
65	26.194	6	06e019c7aaaa	
66	26.594	6	06e019c8aaaa	
67	26.994	8	06e019c8aaaa06e1	
68	27.394	6	19c8aaaa06e0	
69	27.794	6	19c7aaaa06e1	
70	28.194	6	19c7aaaa06e1	
71	28.594	6	19c8aaaa06e1	
72	28.994	6	19c8aaaa06e1	
73	29.394	6	19c7aaaa06e0	
74	29.794	6	19c7aaaa06e1	
