misura	tempo di acquisizione	umidità relativa	temperatura
0	0.094	230	6596
1	0.494	1765	6596
2	0.894	1766	6594
3	1.294	1765	6596
4	1.694	1765	6596
5	2.094	1766	6594
6	2.494	1765	6595
7	2.894	1765	6595
8	3.294	1765	6594
9	3.694	1765	6595
10	4.094	1765	6596
11	4.494	1765	6594
12	4.894	1765	6594
13	5.294	1764	6594
14	5.694	1764	6595
15	6.094	1764	6596
16	6.494	1764	6595
17	6.894	1764	6596
18	7.294	1764	6597
19	7.694	1764	6596
20	8.094	1764	6596
21	8.494	1763	6596
22	8.894	1763	6598
23	9.294	1763	6598
24	9.694	1763	6598
25	10.094	1763	6597
26	10.494	1763	6598
27	10.894	1763	6598
28	11.294	1763	6597
29	11.694	1763	6597
30	12.094	1763	6598
31	12.494	1763	6596
32	12.894	1763	6596
33	13.294	1762	6597
34	13.694	1763	6597
35	14.094	1763	6596
36	14.494	1763	6596
37	14.894	1763	6597
38	15.294	1763	6596
39	15.694	1763	6596
40	16.094	1763	6598
41	16.494	1763	6597
42	16.894	1763	6598
43	17.294	1763	6597
44	17.694	1763	6596
45	18.094	1762	6597
46	18.494	1763	6598
47	18.894	1763	6598
48	19.294	1762	6598
49	19.694	1762	6598
50	20.094	1762	6599
51	20.494	1762	6598
52	20.894	1762	6600
53	21.294	1762	6599
54	21.694	1761	6599
55	22.094	1761	6599
56	22.494	1762	6600
57	22.894	1761	6600
58	23.294	1761	6600
59	23.694	1761	6599
60	24.094	1761	6599
61	24.494	1761	6599
62	24.894	1761	6599
63	25.294	1761	6600
64	25.694	1760	6600
65	26.194	1760	6599
66	26.594	1760	6599
67	26.994	1761	6598
68	27.394	1761	6599
69	27.794	1760	6599
70	28.194	1760	6599
71	28.594	1760	6600
72	28.994	1760	6600
73	29.394	1761	6600
74	29.794	1760	6599
